((("--no-wait." .
   [0 0 0 0 0 0 0 0 0 1])
  ("yield" .
   [0 1 0 0 0])
  ("i" .
   [1])
  ("canlock" .
   [0 0 0 1 0 0 0])
  ("rest" .
   [1 0 0 0])
  ("the" .
   [1 0 0])
  ("o" .
   [1])
  ("col" .
   [1 0 0])
  ("s" .
   [1])
  ("not" .
   [1 0 0])
  ("just" .
   [5 0 0 0])
  ("gets" .
   [1 0 0 0])
  ("j" .
   [1])
  ("of" .
   [1 0])
  ("any" .
   [1 0 0])
  ("as" .
   [2 0])
  ("that." .
   [1 0 0 0 0])
  ("all" .
   [3 0 0])
  ("and" .
   [2 0 0])
  ("FutureWarning" .
   [0 1 0 1 0 0 0 0 0 0 0 0 0])
  ("TRUE" .
   [0 0 1 1])
  ("read.csv" .
   [0 1 0 0 0 0 0 1])
  ("inp" .
   [1 0 0])
  ("readinto" .
   [0 0 0 0 1 0 0 0])
  ("fh" .
   [1 0])
  ("fname" .
   [1 0 1 0 0])
  ("good" .
   [2 0 0 0])
  ("this" .
   [4 0 0 1])
  ("hello" .
   [2 0 0 0 0])
  ("This" .
   [9 1 0 0])
  ("numbers" .
   [0 0 0 1 0 0 0])
  ("insert" .
   [0 0 0 0 0 1])
  ("a_list" .
   [2 4 0 0 0 0])
  ("print" .
   [1 0 1 0 1])
  ("class" .
   [0 0 0 1 1])
  ("xrange" .
   [0 1 0 0 0 0])
  ("x" .
   [3])
  ("append" .
   [0 0 0 2 0 0])
  ("that" .
   [3 0 0 0])
  ("a" .
   [2])
  ("np" .
   [1 0])
  ("plt" .
   [1 0 0])
  ("pop" .
   [1 0 0])
  ("raw_input" .
   [0 0 0 1 0 0 0 0 0])
  ("colorsys" .
   [1 0 0 0 0 0 0 0])
  ("lambda" .
   [0 0 0 0 0 1])
  ("code" .
   [1 0 0 0])
  ("for" .
   [6 0 2])
  ("functools" .
   [0 0 0 1 0 0 0 0 0])
  ("def" .
   [2 0 1])
  ("is" .
   [4 0])
  ("gets." .
   [1 0 0 0 0])
  ("coerce" .
   [1 0 0 0 0 0])
  ("try" .
   [0 1 0])
  ("codeop" .
   [0 0 0 0 1 0])
  ("co" .
   [1 0])
  ("complete" .
   [1 0 0 0 0 0 0 0])
  ("complete-tag" .
   [1 0 0 0 0 0 0 0 0 0 0 0])
  ("TODO" .
   [0 0 0 1])
  ("A_inv_ex1_3" .
   [0 0 0 0 0 0 0 0 0 0 1])
  ("shape" .
   [1 0 0 0 0])
  ("D2" .
   [1 0])
  ("dot" .
   [1 0 0])
  ("WA_inv_dot_z" .
   [0 0 0 0 0 0 0 0 0 0 0 1])
  ("sparse" .
   [1 0 0 0 0 0])
  ("T" .
   [5])
  ("example" .
   [1 0 0 0 0 0 0])
  ("zvec" .
   [1 0 0 0])
  ("csr_matrix" .
   [0 0 0 0 0 0 0 0 0 1])))
